Best fitness: 334.27930544990625
Worst fitness: 136.9749576238193
2    2    1    1    2    2    3    3    1    1
2    0    0    0    0    0    1    1    1    3
3    0    0    0    0    0    1    2    2    3
3    0    0    0    0    0    0    0    0    1
3    0    0    0    0    0    0    3    1    1
2    0    0    0    0    0    0    3    1    3
2    2    0    0    0    1    1    1    3    3
2    3    3    0    0    1    1    1    2    2
2    2    3    1    1    1    1    1    2    3
3    3    3    2    2    2    2    2    2    3


Best fitness: 296.26030009675134
Worst fitness: 148.10240535990917
2    3    3    1    2    2    2    2    3    3
2    0    0    1    1    3    2    1    3    3
2    0    0    0    0    3    3    1    1    2
2    0    0    0    0    3    1    1    1    2
2    0    0    0    0    0    0    1    1    2
3    3    0    0    0    0    0    1    3    3
3    3    3    1    0    0    0    0    0    2
1    1    1    1    0    0    0    0    0    2
2    2    2    1    1    2    2    2    3    3
2    2    3    3    3    3    3    2    3    3


{ PopulationSize = 250, MutationRate = 0.3, TournamentSize = 2 },
Best fitness: 329.73230186526166
Worst fitness: 176.62885358939963
3    2    2    0    1    3    3    3    2    2
3    1    1    0    1    1    1    1    1    1
3    1    2    0    0    0    0    1    1    1
2    1    2    0    0    0    0    1    1    1
2    1    1    0    0    0    0    0    3    3
0    0    0    0    0    0    0    0    2    2
2    1    1    0    0    0    1    3    3    2
2    1    2    0    0    1    1    2    0    2
3    3    2    0    0    0    0    1    0    2
3    2    2    2    1    1    3    1    0    2


{ PopulationSize = 250, MutationRate = 0.2, TournamentSize = 2 },
Best fitness: 359.1455821588272
Worst fitness: 222.0344710477161
3    3    3    1    1    3    2    2    2    3
2    1    0    0    0    3    3    3    1    3
2    1    0    0    0    0    0    1    1    2
2    3    3    0    0    0    0    0    0    2
2    1    1    0    0    0    0    0    0    2
3    2    2    0    0    0    0    0    0    0
3    1    1    0    0    3    0    0    1    2
2    1    1    0    3    3    0    0    1    2
2    2    3    0    0    0    0    3    1    2
2    3    3    2    2    1    1    3    3    2


{ PopulationSize = 500, MutationRate = 0.2, TournamentSize = 2 },
Best fitness: 374.49513560292
Worst fitness: 180.40422651201092
3    3    2    2    3    3    2    2    3    3
3    1    1    3    3    2    2    2    1    3
1    0    0    0    3    2    1    1    1    2
1    0    0    0    0    2    1    1    1    2
3    0    0    0    0    0    0    1    1    1
3    0    0    0    0    0    0    0    0    1
3    0    0    0    0    0    0    0    0    1
2    0    0    1    1    0    0    1    2    1
2    0    0    0    0    0    0    1    2    3
2    3    3    3    3    3    3    1    2    3


{ PopulationSize = 1000, MutationRate = 0.2, TournamentSize = 2 },
Best fitness: 378.8973532489238
Worst fitness: 210.91325093186822
2    2    2    2    3    2    2    2    2    3
3    0    0    1    3    1    1    1    1    3
3    0    0    1    0    0    0    0    0    3
3    0    0    0    0    0    0    0    0    3
2    0    0    0    0    0    0    0    0    0
2    1    1    0    0    0    0    0    2    2
3    3    1    0    0    0    0    0    1    2
3    3    1    1    0    0    1    1    1    2
1    1    1    1    1    0    3    1    3    3
3    3    2    2    2    0    3    3    2    2


Mutation - Random
{ PopulationSize = 500, MutationRate = 0.2, TournamentSize = 2, ElitesPercentage = 0.05 },
Best fitness: 687.54998
Worst fitness: 207.24821
3    0    2    2    0    1    0    0    0    0
0    0    0    0    0    0    0    0    0    0
3    0    0    0    0    0    0    0    0    1
0    0    0    2    3    0    0    0    0    0
2    0    0    0    0    0    0    0    0    0
0    0    0    0    0    0    0    0    3    3
0    0    0    0    0    0    1    0    0    0
0    0    0    1    0    0    0    0    0    0
0    0    0    0    0    0    0    0    0    0
0    0    0    2    0    3    0    0    2    0


Crossover - OrderedWeighted
{ PopulationSize = 500, MutationRate = 0.2, TournamentSize = 2, ElitesPercentage = 0.05 },
Best fitness: 806.02832
Worst fitness: 206.25936
0    0    0    0    0    0    0    0    0    0
0    0    0    0    0    0    0    0    0    0
0    0    0    0    0    0    0    0    0    0
0    0    0    0    0    0    0    0    0    0
0    0    0    0    0    0    0    0    0    0
0    0    0    0    0    0    0    0    1    0
0    0    0    0    0    0    0    0    0    0
0    0    0    0    0    0    0    0    0    0
0    0    0    0    0    0    0    0    0    0
0    0    0    0    0    0    0    0    0    0

